#################################
  Chip-2 Observation
#################################



#1 Core volatge 1.6V

===================================================================
== LOW chain FAILED.   Valid IO = 0 thru 11.                      ==
== HIGH chain FAILED.  Valid IO = 30 thru 37.                    ==
===================================================================

['IO[0]', H_NONE],
['IO[1]', H_INDEPENDENT],
['IO[2]', H_INDEPENDENT],
['IO[3]', H_DEPENDENT],
['IO[4]', H_DEPENDENT],
['IO[5]', H_INDEPENDENT],
['IO[6]', H_DEPENDENT],
['IO[7]', H_INDEPENDENT],
['IO[8]', H_DEPENDENT],
['IO[9]', H_INDEPENDENT],
['IO[10]', H_INDEPENDENT],
['IO[11]', H_INDEPENDENT],
['IO[12]', H_UNKNOWN],
['IO[13]', H_UNKNOWN],
['IO[14]', H_UNKNOWN],
['IO[15]', H_UNKNOWN],
['IO[16]', H_UNKNOWN],
['IO[17]', H_UNKNOWN],
['IO[18]', H_UNKNOWN],


['IO[37]', H_NONE],
['IO[36]', H_INDEPENDENT],
['IO[35]', H_INDEPENDENT],
['IO[34]', H_DEPENDENT],
['IO[33]', H_INDEPENDENT],
['IO[32]', H_DEPENDENT],
['IO[31]', H_INDEPENDENT],
['IO[30]', H_INDEPENDENT],
['IO[29]', H_UNKNOWN],
['IO[28]', H_UNKNOWN],
['IO[27]', H_UNKNOWN],
['IO[26]', H_UNKNOWN],
['IO[25]', H_UNKNOWN],
['IO[24]', H_UNKNOWN],
['IO[23]', H_UNKNOWN],
['IO[22]', H_UNKNOWN],
['IO[21]', H_UNKNOWN],
['IO[20]', H_UNKNOWN],
['IO[19]', H_UNKNOWN],


@00000C00
e9 46 46 46 66 66 06 06 06 06 06 06 06 46 46 46
66 66 06 06 06 06 06 06 06 46 46 46 66 66 06 06
06 06 06 06 06 46 46 46 66 66 06 06 06 06 06 06
06 46 46 46 66 66 06 06 06 06 06 06 06 46 46 46
66 66 06 06 06 06 06 06 06 46 46 46 66 66 06 06
06 06 06 06 06 46 46 46 66 66 06 06 06 06 06 06
06 46 46 46 66 66 06 06 06 06 06 06 06 46 46 46
66 66 06 06 06 06 06 06 06 46 46 46 66 66 06 06
06 06 06 06 06 46 46 46 66 66 06 06 06 06 06 06
06 06 46 46 66 66 06 06 06 06 06 06 06 06 46 46
66 66 06 06 06 06 06 06 06 06 46 46 66 66 06 06
06 06 06 06 06 06 06 46 66 66 06 06 06 06 06 06
06 06 06 46 66 66 06 06 06 06 06 06 06 06 06 06
66 66 06 06 06 06 06 06 06 06 06 06 66 66 06 06
06 06 06 06 06 06 06 06 66 00 00 00 00 00 00 00
E9 00 00 00 00 00 00 00 



#2 Core Volatge 1.8v
===================================================================
== LOW chain PASSED.   Valid IO = 0 thru 18.                      ==
== HIGH chain FAILED.  Valid IO = 29 thru 37.                    ==
===================================================================

['IO[37]', H_NONE],
['IO[36]', H_INDEPENDENT],
['IO[35]', H_INDEPENDENT],
['IO[34]', H_DEPENDENT],
['IO[33]', H_INDEPENDENT],
['IO[32]', H_DEPENDENT],
['IO[31]', H_INDEPENDENT],
['IO[30]', H_INDEPENDENT],
['IO[29]', H_INDEPENDENT],
['IO[28]', H_UNKNOWN],
['IO[27]', H_UNKNOWN],
['IO[26]', H_UNKNOWN],
['IO[25]', H_UNKNOWN],
['IO[24]', H_UNKNOWN],
['IO[23]', H_UNKNOWN],
['IO[22]', H_UNKNOWN],
['IO[21]', H_UNKNOWN],
['IO[20]', H_UNKNOWN],
['IO[19]', H_UNKNOWN],
]

@00000C00
e9 46 46 46 66 66 06 06 06 06 06 06 06 46 46 46
66 66 06 06 06 06 06 06 06 46 46 46 66 66 06 06
06 06 06 06 06 46 46 46 66 66 06 06 06 06 06 06
06 46 46 46 66 66 06 06 06 06 06 06 06 46 46 46
66 66 06 06 06 06 06 06 06 46 46 46 66 66 06 06
06 06 06 06 06 46 46 46 66 66 06 06 06 06 06 06
06 46 46 46 66 66 06 06 06 06 06 06 06 46 46 46
66 66 06 06 06 06 06 06 06 46 46 46 66 66 06 06
06 06 06 06 06 06 46 46 66 66 06 06 06 06 06 06
06 06 46 46 66 66 06 06 06 06 06 06 06 06 46 46
66 66 06 06 06 06 06 06 06 06 46 46 66 66 06 06
06 06 06 06 06 06 06 46 66 66 06 06 06 06 06 06
06 06 06 46 66 66 06 06 06 06 06 06 06 06 06 06
66 66 06 06 06 06 06 06 06 06 06 06 66 66 06 06
06 06 06 06 06 06 06 06 66 00 00 00 00 00 00 00
E9 00 00 00 00 00 00 00 


